
Chn1 Chn2  PAE Dist  Type   ipSAE    ipSAE_d0chn ipSAE_d0dom  ipTM_af  ipTM_d0chn     pDockQ     pDockQ2    LIS       n0res  n0chn  n0dom   d0res   d0chn   d0dom  nres1   nres2   dist1   dist2  Model
A    B     450  123  asym  0.872090    0.927284    0.927284    -1.000    0.927284      0.0183     0.0073     0.7161     218    450    450    5.49    7.60    7.60    232     218     232     218   Pembrolizumab_5GGS_complex
B    A     450  123  asym  0.850647    0.901405    0.901405    -1.000    0.901405      0.0183     0.0073     0.7006     232    450    450    5.65    7.60    7.60    218     232     218     232   Pembrolizumab_5GGS_complex
A    B     450  123  max   0.872090    0.927284    0.927284    -1.000    0.927284      0.0183     0.0073     0.7084     232    450    450    5.65    7.60    7.60    232     218     232     218   Pembrolizumab_5GGS_complex

A    C     450  123  asym  0.728063    0.869038    0.869038    -1.000    0.869038      0.0183     0.0073     0.5778     123    355    355    4.11    6.85    6.85    232     123     232     123   Pembrolizumab_5GGS_complex
C    A     450  123  asym  0.629774    0.701146    0.701146    -1.000    0.701146      0.0183     0.0073     0.4856     232    355    355    5.65    6.85    6.85    123     232     123     232   Pembrolizumab_5GGS_complex
A    C     450  123  max   0.728063    0.869038    0.869038    -1.000    0.869038      0.0183     0.0073     0.5317     232    355    355    5.65    6.85    6.85    232     123     232     123   Pembrolizumab_5GGS_complex

B    C     450  123  asym  0.710564    0.856735    0.856735    -1.000    0.856735      0.0183     0.0073     0.5355     123    341    341    4.11    6.73    6.73    218     123     218     123   Pembrolizumab_5GGS_complex
C    B     450  123  asym  0.607390    0.690579    0.690579    -1.000    0.690579      0.0183     0.0073     0.4516     218    341    341    5.49    6.73    6.73    123     218     123     218   Pembrolizumab_5GGS_complex
B    C     450  123  max   0.710564    0.856735    0.856735    -1.000    0.856735      0.0183     0.0073     0.4936     218    341    341    5.49    6.73    6.73    218     123     218     123   Pembrolizumab_5GGS_complex

